image: playground.pgm
resolution: 0.050000
origin: [-15.100000, -15.150000, 0.000]
negate: 0
occupied_thresh: 0.65
free_thresh: 0.196

